2325
54 344
55 343
55 342
55 341
56 340
56 339
56 338
57 337
58 336
59 335
60 334
61 334
62 333
63 332
64 332
65 331
66 331
67 331
68 331
69 331
70 330
71 330
72 330
73 330
74 330
75 330
76 330
77 330
78 330
79 330
80 330
81 331
82 331
83 331
84 331
85 331
86 332
87 332
88 332
89 332
90 333
91 333
92 333
93 333
94 334
95 334
96 334
97 335
98 335
99 335
100 336
101 337
102 337
103 337
104 338
105 338
106 339
107 340
108 341
109 341
110 342
111 343
112 344
113 344
114 345
115 346
116 346
116 347
117 348
118 348
119 349
120 350
121 351
122 352
123 353
124 354
125 355
126 356
126 357
127 358
128 359
129 359
129 360
130 361
131 362
132 363
133 364
133 365
134 366
134 367
135 368
136 369
136 370
137 371
137 372
138 373
139 374
140 374
140 375
140 376
141 377
141 378
142 379
143 380
144 381
144 382
145 383
146 384
147 385
147 386
148 387
149 388
149 389
150 390
151 391
152 392
152 393
153 394
154 395
155 396
156 397
157 398
157 399
158 400
159 401
160 402
161 403
162 404
163 405
163 406
164 407
165 408
166 408
167 409
168 409
169 410
170 409
171 408
172 407
173 406
174 405
174 404
175 403
176 402
177 401
178 400
178 399
179 398
179 397
179 396
180 395
180 394
181 393
182 392
182 391
182 390
183 389
183 388
184 387
185 386
185 385
185 384
186 383
186 382
186 381
186 380
187 379
187 378
188 377
188 376
188 375
189 374
189 373
189 372
189 371
190 370
190 369
191 368
191 367
192 366
192 365
192 364
192 363
192 362
193 361
193 360
193 359
193 358
193 357
193 356
193 355
194 354
194 353
194 352
194 351
195 350
195 349
196 348
196 347
196 346
196 345
196 344
196 343
197 342
197 341
197 340
197 339
197 338
197 337
197 336
197 335
197 334
197 333
197 332
197 331
197 330
198 329
197 328
198 327
198 326
198 325
198 324
198 323
199 322
199 321
199 320
199 319
199 318
199 317
199 316
198 315
198 314
198 313
198 312
198 311
199 310
199 309
199 308
199 307
199 306
199 305
199 304
198 303
199 302
199 301
198 300
198 299
198 298
198 297
198 296
198 295
198 294
198 293
198 292
198 291
198 290
197 289
198 288
198 287
197 286
197 285
197 284
197 283
197 282
197 281
197 280
197 279
197 278
197 277
197 276
197 275
197 274
197 273
197 272
197 271
197 270
197 269
197 268
197 267
197 266
197 265
196 264
196 263
196 262
196 261
196 260
196 259
196 258
196 257
196 256
196 255
197 254
196 253
196 252
196 251
196 250
196 249
196 248
196 247
196 246
196 245
196 244
196 243
196 242
196 241
196 240
196 239
196 238
196 237
196 236
196 235
196 234
196 233
196 232
196 231
196 230
196 229
196 228
196 227
196 226
196 225
197 224
197 223
197 222
197 221
197 220
197 219
197 218
197 217
197 216
197 215
197 214
198 213
198 212
198 211
198 210
198 209
198 208
198 207
198 206
198 205
198 204
198 203
198 202
198 201
198 200
199 199
199 198
199 197
199 196
199 195
199 194
199 193
199 192
199 191
199 190
199 189
199 188
199 187
199 186
199 185
199 184
198 183
199 182
199 181
199 180
199 179
199 178
199 177
199 176
199 175
199 174
199 173
199 172
199 171
199 170
199 169
199 168
199 167
199 166
200 165
200 164
200 163
200 162
200 161
200 160
200 159
200 158
200 157
201 156
201 155
201 154
201 153
201 152
201 151
202 150
202 149
202 148
202 147
202 146
202 145
202 144
202 143
203 142
203 141
203 140
204 139
204 138
204 137
205 136
205 135
205 134
206 133
206 132
207 131
208 130
209 129
210 128
210 127
211 126
212 125
213 125
214 124
215 123
216 123
217 123
218 122
219 121
220 121
221 121
222 121
223 121
224 121
225 121
226 121
227 121
228 121
229 121
230 121
231 121
232 122
233 122
234 123
235 123
236 124
237 124
238 125
239 126
240 127
241 128
242 129
243 130
244 131
245 132
245 133
246 134
246 135
247 136
247 137
248 138
248 139
248 140
248 141
248 142
248 143
248 144
248 145
248 146
248 147
248 148
248 149
248 150
249 151
249 152
249 153
249 154
249 155
249 156
249 157
249 158
249 159
249 160
249 161
249 162
250 163
250 164
250 165
250 166
250 167
250 168
250 169
250 170
250 171
250 172
250 173
250 174
250 175
250 176
250 177
250 178
250 179
250 180
250 181
250 182
250 183
250 184
251 185
251 186
251 187
251 188
251 189
251 190
251 191
251 192
251 193
252 194
251 195
251 196
251 197
252 198
252 199
251 200
251 201
251 202
251 203
252 204
252 205
252 206
252 207
252 208
252 209
252 210
252 211
252 212
252 213
252 214
252 215
252 216
252 217
252 218
252 219
252 220
252 221
253 222
253 223
253 224
253 225
254 226
254 227
254 228
254 229
254 230
254 231
254 232
255 233
256 234
257 233
257 232
258 231
258 230
258 229
259 228
259 227
259 226
259 225
259 224
259 223
259 222
259 221
259 220
259 219
259 218
259 217
259 216
259 215
259 214
259 213
259 212
260 211
260 210
260 209
260 208
260 207
260 206
260 205
260 204
260 203
261 202
261 201
261 200
261 199
261 198
261 197
262 196
262 195
262 194
262 193
262 192
263 191
263 190
263 189
263 188
263 187
263 186
263 185
264 184
264 183
264 182
264 181
264 180
265 179
265 178
265 177
265 176
265 175
265 174
265 173
265 172
265 171
265 170
265 169
266 168
266 167
266 166
266 165
266 164
266 163
266 162
266 161
266 160
267 159
267 158
267 157
267 156
267 155
267 154
267 153
267 152
267 151
267 150
268 149
268 148
268 147
268 146
268 145
268 144
268 143
268 142
268 141
268 140
268 139
268 138
269 137
269 136
269 135
269 134
269 133
269 132
270 131
270 130
270 129
270 128
270 127
270 126
270 125
271 124
271 123
271 122
271 121
271 120
271 119
272 118
272 117
272 116
272 115
272 114
272 113
272 112
272 111
273 110
273 109
273 108
273 107
273 106
273 105
274 104
274 103
274 102
275 101
275 100
276 99
276 98
277 97
278 96
278 95
279 94
280 93
281 93
282 92
283 91
284 90
285 90
286 89
287 89
288 88
289 88
290 88
291 87
292 87
293 87
294 87
295 87
296 86
297 86
298 86
299 86
300 87
301 87
302 87
303 87
304 87
305 87
306 88
307 88
308 89
309 89
310 90
311 91
312 91
313 92
313 93
314 94
314 95
315 96
315 97
316 98
316 99
317 100
318 101
318 102
319 103
320 104
320 105
320 106
321 107
321 108
321 109
322 110
322 111
322 112
322 113
322 114
322 115
322 116
322 117
322 118
322 119
322 120
322 121
322 122
322 123
322 124
322 125
322 126
322 127
322 128
322 129
322 130
322 131
322 132
322 133
322 134
322 135
322 136
322 137
321 138
321 139
321 140
321 141
321 142
321 143
321 144
321 145
320 146
320 147
320 148
320 149
320 150
320 151
320 152
320 153
320 154
320 155
320 156
320 157
319 158
319 159
319 160
319 161
319 162
319 163
318 164
318 165
318 166
318 167
318 168
318 169
318 170
318 171
318 172
318 173
318 174
318 175
318 176
318 177
318 178
318 179
318 180
318 181
318 182
318 183
318 184
318 185
318 186
318 187
318 188
318 189
318 190
318 191
318 192
318 193
318 194
318 195
318 196
317 197
317 198
317 199
317 200
317 201
317 202
317 203
317 204
317 205
317 206
317 207
317 208
317 209
317 210
317 211
318 212
317 213
317 214
317 215
317 216
317 217
318 218
318 219
318 220
318 221
318 222
318 223
318 224
318 225
318 226
318 227
318 228
318 229
319 230
319 231
319 232
319 233
319 234
320 235
320 236
320 237
320 238
320 239
320 240
321 241
322 241
323 240
323 239
323 238
324 237
324 236
324 235
325 234
325 233
326 232
326 231
326 230
326 229
327 228
327 227
327 226
327 225
328 224
328 223
328 222
328 221
329 220
329 219
329 218
329 217
329 216
329 215
330 214
330 213
330 212
330 211
330 210
330 209
331 208
331 207
331 206
331 205
331 204
331 203
331 202
331 201
331 200
331 199
331 198
331 197
331 196
331 195
331 194
331 193
331 192
332 191
332 190
332 189
332 188
332 187
332 186
332 185
332 184
332 183
332 182
332 181
332 180
332 179
332 178
332 177
332 176
332 175
332 174
332 173
332 172
332 171
332 170
332 169
332 168
332 167
332 166
332 165
332 164
332 163
332 162
332 161
332 160
332 159
332 158
333 157
333 156
333 155
333 154
333 153
333 152
333 151
333 150
333 149
333 148
333 147
333 146
333 145
333 144
333 143
333 142
333 141
333 140
333 139
333 138
333 137
333 136
333 135
334 134
334 133
334 132
334 131
334 130
335 129
335 128
335 127
335 126
336 125
336 124
337 123
337 122
338 121
339 120
340 119
341 119
342 118
343 118
344 117
345 117
346 117
347 116
348 116
349 116
350 115
351 115
352 115
353 115
354 115
355 115
356 115
357 115
358 115
359 115
360 116
361 116
362 116
363 117
364 117
365 118
366 118
367 119
368 120
369 121
370 122
371 123
372 124
372 125
373 126
373 127
374 128
374 129
374 130
375 131
375 132
376 133
376 134
376 135
377 136
377 137
378 138
378 139
378 140
378 141
378 142
378 143
378 144
378 145
378 146
378 147
378 148
378 149
378 150
378 151
378 152
378 153
378 154
378 155
378 156
378 157
378 158
378 159
378 160
378 161
378 162
378 163
378 164
378 165
378 166
378 167
378 168
378 169
378 170
378 171
378 172
378 173
378 174
378 175
378 176
378 177
378 178
378 179
378 180
378 181
378 182
378 183
378 184
378 185
378 186
378 187
378 188
378 189
378 190
378 191
378 192
377 193
377 194
377 195
378 196
378 197
378 198
378 199
378 200
378 201
378 202
378 203
378 204
378 205
378 206
378 207
378 208
378 209
378 210
378 211
378 212
378 213
378 214
378 215
378 216
378 217
378 218
378 219
378 220
378 221
378 222
378 223
378 224
378 225
378 226
378 227
378 228
378 229
378 230
378 231
378 232
378 233
378 234
378 235
378 236
378 237
378 238
378 239
378 240
378 241
378 242
378 243
378 244
378 245
378 246
378 247
378 248
378 249
378 250
378 251
378 252
378 253
378 254
378 255
378 256
378 257
378 258
378 259
378 260
378 261
378 262
378 263
378 264
378 265
378 266
378 267
378 268
378 269
378 270
378 271
378 272
378 273
377 274
377 275
377 276
377 277
377 278
377 279
377 280
377 281
376 282
376 283
376 284
376 285
376 286
376 287
376 288
376 289
375 290
375 291
375 292
375 293
375 294
375 295
374 296
374 297
374 298
374 299
374 300
374 301
374 302
374 303
374 304
374 305
374 306
373 307
373 308
372 309
372 310
372 311
372 312
372 313
372 314
372 315
372 316
372 317
372 318
372 319
372 320
372 321
372 322
372 323
372 324
372 325
372 326
372 327
372 328
373 329
374 330
375 331
376 331
377 331
378 330
379 329
379 328
379 327
380 326
380 325
380 324
380 323
381 322
381 321
381 320
381 319
381 318
382 317
382 316
382 315
382 314
383 313
383 312
383 311
383 310
383 309
384 308
384 307
384 306
385 305
385 304
385 303
385 302
386 301
386 300
386 299
387 298
387 297
387 296
388 295
388 294
389 293
389 292
389 291
390 290
390 289
391 288
391 287
391 286
392 285
392 284
393 283
393 282
393 281
394 280
394 279
395 278
395 277
395 276
396 275
396 274
396 273
397 272
397 271
397 270
397 269
398 268
398 267
398 266
398 265
398 264
398 263
399 262
399 261
399 260
399 259
399 258
399 257
399 256
400 255
400 254
400 253
400 252
400 251
400 250
401 249
401 248
401 247
401 246
401 245
402 244
402 243
402 242
402 241
402 240
403 239
403 238
403 237
403 236
403 235
404 234
404 233
404 232
404 231
405 230
405 229
405 228
405 227
405 226
406 225
406 224
406 223
406 222
407 221
407 220
407 219
407 218
407 217
407 216
408 215
408 214
408 213
409 212
409 211
409 210
409 209
410 208
410 207
410 206
411 205
411 204
411 203
411 202
412 201
412 200
413 199
414 198
415 197
415 196
416 195
417 195
418 194
419 193
420 193
421 193
422 192
423 192
424 192
425 192
426 192
427 192
428 192
429 192
430 192
431 192
432 192
433 193
434 193
435 193
436 194
437 195
438 195
439 196
440 197
441 198
442 199
443 200
443 201
444 202
445 203
445 204
446 205
446 206
446 207
447 208
447 209
447 210
447 211
448 212
448 213
448 214
448 215
448 216
448 217
448 218
448 219
448 220
448 221
448 222
448 223
448 224
448 225
448 226
448 227
448 228
448 229
448 230
448 231
448 232
448 233
448 234
448 235
448 236
448 237
448 238
448 239
448 240
448 241
448 242
448 243
448 244
448 245
447 246
447 247
447 248
447 249
447 250
446 251
446 252
446 253
446 254
446 255
446 256
446 257
445 258
445 259
445 260
445 261
444 262
444 263
444 264
444 265
444 266
444 267
443 268
443 269
443 270
443 271
443 272
443 273
442 274
442 275
442 276
442 277
442 278
442 279
442 280
442 281
442 282
441 283
441 284
441 285
441 286
441 287
441 288
440 289
440 290
440 291
440 292
440 293
440 294
440 295
440 296
440 297
440 298
440 299
440 300
440 301
440 302
440 303
439 304
439 305
439 306
439 307
439 308
439 309
439 310
438 311
438 312
438 313
438 314
438 315
438 316
437 317
437 318
437 319
437 320
437 321
437 322
437 323
436 324
436 325
436 326
436 327
436 328
436 329
435 330
435 331
435 332
435 333
434 334
434 335
434 336
434 337
434 338
434 339
434 340
433 341
433 342
432 343
432 344
432 345
432 346
432 347
431 348
431 349
431 350
431 351
431 352
431 353
431 354
431 355
430 356
430 357
430 358
430 359
430 360
430 361
430 362
430 363
430 364
430 365
430 366
430 367
430 368
431 369
431 370
431 371
430 372
430 373
430 374
430 375
431 376
431 377
431 378
431 379
432 380
432 381
432 382
433 383
433 384
434 385
434 386
434 387
434 388
435 389
435 390
435 391
435 392
435 393
435 394
436 395
436 396
436 397
436 398
436 399
436 400
436 401
436 402
436 403
436 404
436 405
436 406
437 407
437 408
437 409
437 410
437 411
436 412
437 413
437 414
437 415
437 416
437 417
437 418
437 419
438 420
437 421
437 422
437 423
437 424
437 425
437 426
437 427
437 428
437 429
437 430
437 431
437 432
436 433
437 434
437 435
437 436
436 437
436 438
437 439
437 440
437 441
437 442
436 443
436 444
437 445
437 446
437 447
436 448
436 449
437 450
437 451
437 452
437 453
436 454
436 455
436 456
436 457
436 458
436 459
436 460
435 461
435 462
435 463
435 464
435 465
435 466
435 467
434 468
434 469
434 470
434 471
434 472
434 473
434 474
433 475
433 476
432 477
432 478
432 479
432 480
431 481
431 482
431 483
430 484
430 485
430 486
429 487
429 488
428 489
428 490
428 491
429 492
428 493
428 494
428 495
428 496
427 497
427 498
426 499
426 500
426 501
425 502
425 503
425 504
425 505
425 506
424 507
423 508
423 509
423 510
422 511
422 512
422 513
421 514
421 515
420 516
420 517
420 518
419 519
419 520
418 521
418 522
417 523
417 524
417 525
417 526
417 527
416 528
415 529
415 530
414 531
414 532
413 533
412 534
412 535
412 536
412 537
412 538
411 539
411 540
410 541
410 542
409 543
409 544
409 545
408 546
408 547
408 548
407 549
407 550
406 551
405 552
405 553
405 554
405 555
404 556
404 557
403 558
403 559
402 560
402 561
401 562
401 563
401 564
400 565
400 566
399 567
399 568
398 569
398 570
398 571
398 572
398 573
398 574
397 575
397 576
396 577
395 578
395 579
395 580
394 581
393 582
393 583
393 584
393 585
393 586
392 587
392 588
391 589
391 590
391 591
391 592
391 593
391 594
391 595
390 596
390 597
390 598
390 599
390 600
390 601
390 602
390 603
390 604
390 605
390 606
390 607
390 608
390 609
390 610
390 611
390 612
390 613
390 614
390 615
390 616
391 617
391 618
391 619
391 620
391 621
391 622
391 623
392 624
392 625
392 626
393 627
393 628
393 629
393 630
393 631
394 632
394 633
394 634
394 635
394 636
394 637
394 638
393 638
392 638
391 638
390 638
389 638
388 638
387 638
386 638
385 638
384 638
383 638
382 638
381 638
380 638
379 638
378 638
377 638
376 638
375 638
374 638
373 638
372 638
371 638
370 638
369 638
368 638
367 638
366 638
365 638
364 638
363 638
362 638
361 638
360 638
359 638
358 638
357 638
356 638
355 638
354 638
353 638
352 638
351 638
350 638
349 638
348 638
347 638
346 638
345 638
344 638
343 638
342 638
341 638
340 638
339 638
338 638
337 638
336 638
335 638
334 638
333 638
332 638
331 638
330 638
329 638
328 638
327 638
326 638
325 638
324 638
323 638
322 638
321 638
320 638
319 638
318 638
317 638
316 638
315 638
314 638
313 638
312 638
311 638
310 638
309 638
308 638
307 638
306 638
305 638
304 638
303 638
302 638
301 638
300 638
299 638
298 638
297 638
296 638
295 638
294 638
293 638
292 638
291 638
290 638
289 638
288 638
287 638
286 638
285 638
284 638
283 638
282 638
281 638
280 638
279 638
278 638
277 638
276 638
275 638
274 638
273 638
272 638
271 638
270 638
269 638
268 638
267 638
266 638
265 638
264 638
263 638
262 638
261 638
260 638
259 638
258 638
257 638
256 638
255 638
254 638
253 638
252 638
251 638
250 638
249 638
248 638
247 638
246 638
245 638
244 638
243 638
242 638
241 638
240 638
239 638
238 638
237 638
236 638
235 638
234 638
233 638
232 638
231 638
230 638
229 638
228 638
227 638
226 638
225 638
224 638
223 638
222 638
221 638
220 638
219 638
218 638
217 638
216 638
215 638
214 638
213 638
212 638
211 638
210 638
209 638
208 637
208 636
208 635
208 634
208 633
207 632
207 631
207 630
207 629
207 628
207 627
207 626
207 625
208 624
208 623
208 622
208 621
207 620
207 619
208 618
208 617
208 616
208 615
209 614
209 613
209 612
209 611
209 610
209 609
208 608
209 607
209 606
209 605
209 604
209 603
209 602
209 601
208 600
208 599
208 598
208 597
207 596
207 595
206 594
206 593
205 592
204 591
203 590
203 589
202 588
201 587
200 586
199 585
198 585
197 584
196 583
195 582
194 582
193 581
192 580
191 579
190 578
189 578
188 577
187 576
186 575
185 574
184 573
183 572
182 571
181 570
180 569
179 568
178 567
177 566
177 565
176 564
175 563
174 562
173 561
172 560
171 559
170 558
169 557
169 556
168 555
167 554
167 553
166 552
165 551
164 550
164 549
163 548
163 547
162 546
161 545
160 544
159 543
159 542
158 541
157 540
156 539
156 538
155 537
154 536
153 535
152 534
152 533
151 532
150 531
150 530
149 529
148 528
147 527
146 526
146 525
145 524
144 523
143 522
143 521
142 520
141 519
140 518
139 517
138 516
138 515
137 514
136 513
135 512
134 511
134 510
133 509
132 508
131 507
130 506
129 505
128 504
128 503
128 502
127 501
126 500
125 499
124 498
123 497
122 496
122 495
121 494
121 493
120 492
119 491
118 490
118 489
117 488
117 487
116 486
116 485
116 484
115 483
115 482
114 481
114 480
113 479
113 478
113 477
112 476
111 475
111 474
111 473
111 472
110 471
110 470
110 469
109 468
109 467
108 466
108 465
108 464
107 463
107 462
107 461
106 460
106 459
106 458
106 457
105 456
105 455
104 454
104 453
103 452
103 451
103 450
103 449
102 448
102 447
101 446
101 445
101 444
101 443
100 442
100 441
99 440
99 439
99 438
98 437
98 436
97 435
97 434
96 433
95 432
95 431
95 430
94 429
93 428
92 427
91 426
90 425
90 424
89 423
88 422
88 421
87 420
87 419
86 418
85 417
84 416
84 415
83 414
83 413
82 412
81 411
80 410
80 409
79 408
79 407
78 406
78 405
77 404
77 403
76 402
76 401
75 400
75 399
74 398
74 397
73 396
73 395
73 394
72 393
72 392
72 391
71 390
71 389
71 388
70 387
70 386
69 385
69 384
68 383
68 382
67 381
67 380
67 379
66 378
66 377
65 376
65 375
65 374
64 373
64 372
63 371
63 370
62 369
62 368
62 367
61 366
61 365
61 364
60 363
60 362
59 361
59 360
59 359
58 358
58 357
58 356
57 355
57 354
57 353
56 352
55 351
55 350
55 349
54 348
54 347
54 346
54 345
